158375763
160003674
158483810
159326812
158941115
158808206
159735922
158947788
158804310
158856673
158582016
158721244
158225003
158426585
159835537
159643130
159842981
159197636
159198642
158696101
159204051
158267693
159523147
159735147
158748357
159016636
159090409
159335169
159656681
159751353
158378256
159095033
159074641
160236824
159359907
159257926
159141180
159649364
159446098
159530791
158239679
158663771
158111988
158575474
159587671
158705950
159739932
159224428
157729452
158683072
159210690
159282528
158549476
159280151
159942136
157696255
158851123
158492943
159121231
158988778
158397193
158863348
159388636
159936774
158636284
159154093
158542136
159223068
159391369
158172390
158963538
159445683
159367320
159298819
159720802
159359251
158723926
159327549
159354807
158586800
159171233
159217399
158923720
159141301
160108407
159780573
158871323
158138814
159675759
159520016
157503111
159429608
159670107
158631284
159290918
158294976
158574338
159305560
158525125
159564789
158875373
