113240
133554
137493
134748
126644
120723
123353
112211
113680
111809
113544
102518
97875
132095
139548
138487
110489
109245
115610
140279
172067
160819
152147
123734
168437
175940
180405
176887
160625
188500
179983
203155
179191
186659
190208
184171
181967
143184
152121
157585
179661
173252
137188
132325
178795
182311
182933
169453
161341
157003
180631
192105
154881
168582
179037
164143
161172
173557
188849
163932
174695
169539
199996
190410
192869
175348
162496
172802
170239
170830
155687
156570
156432
133505
143364
116702
160822
179943
180760
175586
169997
164983
178936
214389
206360
194536
161295
162456
160553
152786
162060
