161597176
161407508
160974559
160894926
161334171
161073749
160639009
160140894
161318960
161818379
161672099
161139690
161862375
161284759
161382738
161782276
161485064
161628650
160573145
161013798
161128930
161624914
161320252
161421238
161937656
161571873
161150678
160819473
161033628
161903706
160144756
160775173
162165670
161103768
161328931
161076137
162797033
161210346
160885246
160920039
160746419
161126912
161212328
161174925
162024762
160894703
161697153
161330223
160568244
161560705
160609888
160652441
160807902
160589440
161132668
161693070
162049660
161111637
161075535
160730833
160893841
161744225
161642087
161268738
161564395
161614365
160782600
161221631
161458336
161068368
160782785
160896167
160826639
160941526
161362497
162202455
161523081
162259945
160996421
160938554
160625547
161628252
161124935
161095649
161471384
161978315
162004257
162155481
161218746
161004662
160854886
162088124
161525756
161551717
161092151
160386841
160991751
161068439
161091613
161316658
161735081
