148296
118039
97546
120345
125426
130354
145952
133411
125108
109958
132722
100027
133387
134413
124997
131207
153518
134795
120415
153399
172952
139514
129612
143148
146540
108589
131795
134863
138441
103570
128995
120108
122237
127187
134194
152566
172709
162196
190734
154104
157813
160900
171036
147045
128726
124021
93488
125500
136117
115445
107096
132433
122995
118432
122057
137146
120661
142513
173802
169458
176345
169221
160558
158507
171882
169425
163481
179280
154102
146340
154223
179506
166161
158238
164689
147455
146617
132127
173870
187843
211545
199380
198636
151826
168589
168293
179294
177497
179434
134785
162515
